# hcm

- detail:
    num by page: [96, 86, 75, 81, 79, 42, 88, 72, 78, 79, 21, 26, 28, 11, 21, 39, 12] 934
    num by star: [110, 0, 97, 37, 309, 43, 194, 41, 66, 4, 24, 9, 0] 934
# ha noi
- root:
    - stt: 0 null
    - id_hotel: 0 null
    - name: 0 null
    - link: 0 null
    - address: 1 [105]
    - all tips: 138 null
    - price:
        - null first price: 239 [103, 113, 123, 128, 132, 133, 136, 138, 147, 150, 153, 163, 173, 179, 181, 183, 197, 201, 202, 208, 212, 218, 219, 222, 232, 251, 261, 271, 273, 281, 283, 300, 310, 320, 330, 333, 349, 359, 369, 379, 381, 385, 393, 398, 408, 418, 420, 426, 428, 433, 440, 447, 457, 467, 472, 477, 480, 492, 496, 499, 506, 507, 516, 526, 529, 530, 533, 545, 555, 565, 571, 575, 576, 579, 581, 585, 594, 603, 604, 614, 624, 634, 636, 637, 638, 640, 643, 653, 655, 656, 657, 659, 663, 672, 673, 688, 692, 702, 712, 722, 732, 735, 738, 741, 750, 751, 758, 761, 770, 771, 778, 781, 790, 793, 797, 800, 804, 807, 810, 811, 816, 820, 824, 825, 826, 832, 838, 839, 845, 847, 849, 855, 859, 862, 868, 869, 870, 880, 887, 888, 891, 892, 897, 898, 900, 901, 908, 912, 918, 919, 920, 925, 926, 928, 937, 945, 947, 951, 957, 958, 960, 961, 962, 966, 967, 968, 970, 971, 972, 973, 975, 976, 978, 979, 981, 982, 986, 993, 995, 996, 998, 999, 1002, 1004, 1005, 1006, 1007, 1008, 1010, 1013, 1014, 1016, 1070, 1072, 1074, 1076, 1080, 1082, 1089, 1092, 1095, 1101, 1102, 1104, 1108, 1110, 1111, 1112, 1113, 1115, 1119, 1120, 1122, 1125, 1127, 1130, 1135, 1136, 1137, 1138, 1140, 1141, 1145, 1151, 1159, 1165, 1169, 1179, 1181, 1188, 1189, 1190, 1191, 1192, 1193, 1194, 1195, 1198, 1204]
        - null final price = null both price: 93 [103, 113, 123, 133, 153, 163, 173, 183, 202, 212, 222, 232, 251, 261, 271, 281, 300, 310, 320, 330, 349, 359, 369, 379, 398, 408, 418, 428, 447, 457, 467, 477, 496, 506, 516, 526, 545, 555, 565, 575, 594, 604, 614, 624, 643, 653, 663, 673, 692, 702, 712, 722, 741, 751, 761, 771, 790, 800, 810, 820, 839, 849, 859, 869, 888, 898, 908, 918, 937, 947, 957, 967, 973, 986, 996, 1005, 1006, 1007, 1008, 1016, 1072, 1082, 1092, 1102, 1110, 1120, 1130, 1140, 1159, 1169, 1179, 1181, 1189]
    - total point:
        - null: 50 [105, 310, 496, 591, 624, 648, 663, 673, 741, 761, 781, 797, 807, 811, 839, 841, 869, 888, 890, 892, 898, 918, 925, 927, 931, 945, 958, 970, 971, 975, 978, 982, 998, 1001, 1012, 1074, 1075, 1076, 1078, 1092, 1112, 1115, 1119, 1121, 1138, 1140, 1188, 1189, 1191, 1194]
    - star:
        - null star: 0
        - value: ['5 star', '3.5 star', '3 star', '4 star', '4.5 star', '2.5 star', '2 star', '1 star', ' star', '1.5 star']
- detail:
    num by page: [0, 92, 77, 70, 83, 69, 69, 68, 73, 75, 35, 24, 51] 786
    num by star: [49, 0, 23, 12, 223, 24, 245, 55, 111, 7, 21, 16, 0] 786

# da lat

- detail:
    num by page: [96, 91, 85, 80, 82, 78, 47, 12] 571
    num by star: [157, 0, 110, 12, 175, 15, 73, 3, 16, 1, 4, 5, 0] 571
